20 23
50 78 50.2 119 50.4 160 50.6 201 50.8 242 51 283 51.2 324 51.4 365 51.6 406 51.8 447 52 488 52.2 529 52.4 570 52.6 611 52.8 652 53 693 53.2 734 53.4 775 53.6 816 53.8 857 54 898 54.2 939 54.4 980 
85 98 85.2 139 85.4 180 85.6 221 85.8 262 86 303 86.2 344 86.4 385 86.6 426 86.8 467 87 508 87.2 549 87.4 590 87.6 631 87.8 672 88 713 88.2 754 88.4 795 88.6 836 88.8 877 89 918 89.2 959 89.4 1000 
119 77 119.2 118 119.4 159 119.6 200 119.8 241 120 282 120.2 323 120.4 364 120.6 405 120.8 446 121 487 121.2 528 121.4 569 121.6 610 121.8 651 122 692 122.2 733 122.4 774 122.6 815 122.8 856 123 897 123.2 938 123.4 979 
156 96 156.2 137 156.4 178 156.6 219 156.8 260 157 301 157.2 342 157.4 383 157.6 424 157.8 465 158 506 158.2 547 158.4 588 158.6 629 158.8 670 159 711 159.2 752 159.4 793 159.6 834 159.8 875 160 916 160.2 957 160.4 998 
191 77 191.2 118 191.4 159 191.6 200 191.8 241 192 282 192.2 323 192.4 364 192.6 405 192.8 446 193 487 193.2 528 193.4 569 193.6 610 193.8 651 194 692 194.2 733 194.4 774 194.6 815 194.8 856 195 897 195.2 938 195.4 979 
227 97 227.2 138 227.4 179 227.6 220 227.8 261 228 302 228.2 343 228.4 384 228.6 425 228.8 466 229 507 229.2 548 229.4 589 229.6 630 229.8 671 230 712 230.2 753 230.4 794 230.6 835 230.8 876 231 917 231.2 958 231.4 999 
262 76 262.2 117 262.4 158 262.6 199 262.8 240 263 281 263.2 322 263.4 363 263.6 404 263.8 445 264 486 264.2 527 264.4 568 264.6 609 264.8 650 265 691 265.2 732 265.4 773 265.6 814 265.8 855 266 896 266.2 937 266.4 978 
299 96 299.2 137 299.4 178 299.6 219 299.8 260 300 301 300.2 342 300.4 383 300.6 424 300.8 465 301 506 301.2 547 301.4 588 301.6 629 301.8 670 302 711 302.2 752 302.4 793 302.6 834 302.8 875 303 916 303.2 957 303.4 998 
333 76 333.2 117 333.4 158 333.6 199 333.8 240 334 281 334.2 322 334.4 363 334.6 404 334.8 445 335 486 335.2 527 335.4 568 335.6 609 335.8 650 336 691 336.2 732 336.4 773 336.6 814 336.8 855 337 896 337.2 937 337.4 978 
368 95 368.2 136 368.4 177 368.6 218 368.8 259 369 300 369.2 341 369.4 382 369.6 423 369.8 464 370 505 370.2 546 370.4 587 370.6 628 370.8 669 371 710 371.2 751 371.4 792 371.6 833 371.8 874 372 915 372.2 956 372.4 997 
404 75 404.2 116 404.4 157 404.6 198 404.8 239 405 280 405.2 321 405.4 362 405.6 403 405.8 444 406 485 406.2 526 406.4 567 406.6 608 406.8 649 407 690 407.2 731 407.4 772 407.6 813 407.8 854 408 895 408.2 936 408.4 977 
440 95 440.2 136 440.4 177 440.6 218 440.8 259 441 300 441.2 341 441.4 382 441.6 423 441.8 464 442 505 442.2 546 442.4 587 442.6 628 442.8 669 443 710 443.2 751 443.4 792 443.6 833 443.8 874 444 915 444.2 956 444.4 997 
475 75 475.2 116 475.4 157 475.6 198 475.8 239 476 280 476.2 321 476.4 362 476.6 403 476.8 444 477 485 477.2 526 477.4 567 477.6 608 477.8 649 478 690 478.2 731 478.4 772 478.6 813 478.8 854 479 895 479.2 936 479.4 977 
511 95 511.2 136 511.4 177 511.6 218 511.8 259 512 300 512.2 341 512.4 382 512.6 423 512.8 464 513 505 513.2 546 513.4 587 513.6 628 513.8 669 514 710 514.2 751 514.4 792 514.6 833 514.8 874 515 915 515.2 956 515.4 997 
546 74 546.2 115 546.4 156 546.6 197 546.8 238 547 279 547.2 320 547.4 361 547.6 402 547.8 443 548 484 548.2 525 548.4 566 548.6 607 548.8 648 549 689 549.2 730 549.4 771 549.6 812 549.8 853 550 894 550.2 935 550.4 976 
583 94 583.2 135 583.4 176 583.6 217 583.8 258 584 299 584.2 340 584.4 381 584.6 422 584.8 463 585 504 585.2 545 585.4 586 585.6 627 585.8 668 586 709 586.2 750 586.4 791 586.6 832 586.8 873 587 914 587.2 955 587.4 996 
617 76 617.2 117 617.4 158 617.6 199 617.8 240 618 281 618.2 322 618.4 363 618.6 404 618.8 445 619 486 619.2 527 619.4 568 619.6 609 619.8 650 620 691 620.2 732 620.4 773 620.6 814 620.8 855 621 896 621.2 937 621.4 978 
652 95 652.2 136 652.4 177 652.6 218 652.8 259 653 300 653.2 341 653.4 382 653.6 423 653.8 464 654 505 654.2 546 654.4 587 654.6 628 654.8 669 655 710 655.2 751 655.4 792 655.6 833 655.8 874 656 915 656.2 956 656.4 997 
688 75 688.2 116 688.4 157 688.6 198 688.8 239 689 280 689.2 321 689.4 362 689.6 403 689.8 444 690 485 690.2 526 690.4 567 690.6 608 690.8 649 691 690 691.2 731 691.4 772 691.6 813 691.8 854 692 895 692.2 936 692.4 977 
723 95 723.2 136 723.4 177 723.6 218 723.8 259 724 300 724.2 341 724.4 382 724.6 423 724.8 464 725 505 725.2 546 725.4 587 725.6 628 725.8 669 726 710 726.2 751 726.4 792 726.6 833 726.8 874 727 915 727.2 956 727.4 997 
