10.7098 10.7666 10.8276 10.9314 10.7742 11.4446 12.5374 12.6794 12.3733 11.133 10.4758 10.5644 10.8255 9.84557 9.93213 10.642 10.8061 10.847 11.0367 11.9404 
10.7729 10.8913 10.7964 10.9972 10.9356 11.7825 12.7784 12.8289 12.9377 12.4107 11.4716 11.9972 12.0762 12.2292 11.8573 11.8837 11.9217 11.3435 11.5776 11.9861 
10.7452 10.8463 10.4993 10.6911 12.1655 12.7798 12.8449 12.8137 12.8193 12.7922 12.8144 12.937 12.8421 12.9017 12.9086 12.867 12.7271 12.6932 12.6683 12.9017 
10.7729 10.8137 10.9681 10.4979 11.428 12.7313 12.9404 12.777 12.9024 12.5367 12.8255 12.9176 12.9266 12.8407 12.8961 12.8712 12.9938 12.8456 11.9384 12.8629 
10.8047 10.5402 10.1108 11.0602 11.8982 12.7625 12.3241 12.9217 12.6399 12.8615 12.9488 12.9432 12.9148 12.1073 12.2936 12.9418 12.8795 11.0194 11.2285 12.2715 
10.7978 10.7043 10.8414 10.892 10.91 12.1371 12.2465 11.2057 12.1253 11.84 11.6704 11.6281 11.7798 9.61288 10.768 12.25 12.1385 11.4273 11.2715 11.4737 
10.714 10.6447 10.7452 10.7611 11.0076 11.3061 10.6295 10.6108 10.919 10.4931 10.7715 10.847 9.82964 9.74446 10.858 11.1108 10.9986 10.804 11.1309 12.0339 
10.7514 10.7375 10.75 10.7597 10.7652 10.7535 10.7389 10.759 10.7043 10.8262 10.7458 10.7916 10.8809 9.96607 9.70914 10.6087 11.2576 11.3033 11.401 11.8719 
10.8747 10.8172 10.7964 10.7202 10.7867 10.7867 10.7639 10.8276 10.6053 10.8283 10.8213 10.8795 10.1157 9.78878 10.9273 12.0422 12.0208 12.0866 12.1717 12.3483 
10.9037 10.9328 10.901 10.9979 10.7507 10.7569 10.9051 11.1406 10.9093 10.9183 10.9841 10.8546 10.7694 10.8608 11.153 12.0762 12.5713 12.8857 12.4349 12.5589 
10.7521 10.7618 10.7521 10.7368 10.6842 10.7632 10.7493 10.7507 10.7486 10.7694 10.7486 10.6468 10.7389 10.7825 12.0374 12.2327 12.2064 12.277 12.3809 12.4508 
10.8137 10.7514 10.75 10.5402 10.5831 10.883 10.8442 10.7777 10.7403 10.867 10.8262 10.8968 10.9079 11.0693 11.5506 12.2999 12.4979 12.419 12.385 12.4612 
10.7105 10.6697 10.4107 10.4127 10.7493 10.7071 10.7417 10.7978 10.5208 10.7147 10.6711 10.7618 10.6738 10.3719 11.6662 12.2936 12.1475 12.1316 12.1551 12.2091 
10.7278 10.6378 10.7472 10.7403 10.7479 10.7514 10.8082 10.8206 10.0561 10.7542 10.8019 10.8352 10.7618 10.3483 10.9515 11.7611 12.2361 12.3061 12.3324 12.2999 
10.5526 10.4841 10.7216 10.7618 10.7729 10.7389 10.7825 10.5886 10.9024 10.9488 10.7673 10.7528 10.3878 10.8795 10.9564 12.1565 12.491 12.2784 12.3331 12.3407 
10.7417 10.7514 10.7493 10.7625 10.7514 10.75 10.8144 10.7521 10.7583 10.75 10.8663 10.7832 10.6593 10.635 10.7715 11.1988 11.9162 12.0062 12.0104 12.0277 
10.7382 10.7465 10.0028 10.7902 10.7479 10.7479 10.7493 10.831 10.9314 10.75 10.7639 10.7839 10.8269 10.8359 11.2195 12.106 12.2867 12.4488 12.2985 12.2265 
10.7265 10.5935 10.5152 10.4121 10.7652 10.7791 10.7514 10.7777 10.7604 10.8026 10.768 10.75 10.6877 10.7625 11.2604 12.09 12.2251 12.2424 12.2992 12.1787 
10.644 9.98269 9.76385 10.7964 10.7777 10.7514 10.7853 10.7542 10.6482 10.8705 10.7507 10.7507 10.633 10.9841 11.6766 12.1177 12.1994 12.1787 12.205 12.1807 
10.7431 9.6205 8.98546 9.63573 10.3774 10.7507 10.356 10.7722 10.536 10.7015 10.7618 10.7292 10.1503 10.4979 11.2057 12.1773 12.3885 12.1607 12.1794 12.2382 
10.8954 9.5464 10.2368 10.3227 11.0263 10.8532 10.7867 10.7749 10.7978 10.8566 10.7368 10.8352 10.8504 10.786 11.5443 12.2722 12.4481 12.4716 12.3206 12.3006 
10.3996 10.1641 10.169 10.7244 10.286 10.7805 10.8096 10.8289 10.4848 10.7119 10.786 10.7639 10.5028 10.7514 10.7666 11.4875 12.0949 12.0235 12.0076 12.4017 
10.0789 10.0679 10.3629 10.6219 11.036 10.7805 10.7438 10.8795 10.3158 10.6364 10.7569 10.8165 10.1427 10.4079 10.903 11.4785 11.5554 11.2791 11.7528 11.7084 
10.7043 10.8248 10.6877 10.7472 10.919 10.8663 10.7535 10.7839 10.9398 10.7431 10.7666 10.8082 10.822 10.8109 10.7985 11.6267 12.0582 12.3864 12.2486 12.1226 
10.7015 10.6884 10.5748 10.7618 10.7202 10.7361 10.7521 10.7237 10.9294 10.7465 10.7382 10.7361 10.7645 10.7618 11.5402 11.847 11.8407 11.9065 11.9584 11.9917 
10.7708 10.7618 10.7749 10.7583 10.8698 10.7819 10.9037 10.9536 10.9363 10.9792 10.8726 10.8172 10.847 10.8774 11.4924 12.0298 12.1212 12.2507 12.2943 12.1925 
9.99307 10.3961 10.0028 9.92936 10.4058 10.7666 10.7382 10.7798 10.8331 10.7791 10.7555 10.7133 10.6911 11.097 11.8767 11.9488 11.9938 12.0173 12.0042 11.9522 
9.59626 9.77216 9.18906 8.37881 9.96953 10.3283 10.6454 10.5076 10.7119 10.7562 10.7008 10.741 10.8061 10.8566 11.2237 11.9273 12.0242 12.0062 11.8068 11.7929 
10.3179 9.50208 8.47438 10.3227 10.464 10.8705 10.937 10.9564 10.9162 10.91 10.9404 11.3504 11.626 11.6233 11.9224 11.9612 12.1274 12.126 12.0983 12.0325 
10.705 10.9335 10.7452 10.8954 10.8123 10.7542 10.7507 10.7999 10.7715 10.7535 10.8068 11.2583 11.768 11.9771 11.9086 11.6925 11.6122 11.9384 11.8421 12.0028 
10.7729 10.7639 10.7403 10.7583 10.7479 10.7431 10.7528 10.7285 10.6842 10.7618 11.2438 11.6247 11.5845 11.7216 11.7271 11.6863 11.6226 11.6281 11.7853 11.7334 
10.8123 10.7486 10.7666 10.7597 10.8435 10.7652 10.7583 10.7791 10.7452 10.75 11.0665 11.6157 11.8407 11.7493 11.7763 11.7472 11.75 11.9231 11.7964 11.9979 
10.7119 10.6946 10.7341 10.8366 10.6773 10.8601 10.6884 10.5242 10.7458 10.8269 11.2888 11.7292 11.6558 11.7445 11.7161 11.7389 11.7244 11.741 11.7528 11.7417 
10.7943 10.8033 10.7639 11.018 10.847 10.8026 10.8802 10.9259 10.9778 10.8296 10.9896 11.5007 11.7957 11.8864 11.7957 11.8927 11.8193 11.9668 11.8463 11.8359 
10.7472 10.7188 10.7846 10.8954 10.8795 10.75 10.75 10.7569 10.6489 10.6662 11.0388 11.5187 11.8116 11.5374 11.6904 11.6537 11.5665 11.6814 11.7022 11.6627 
10.7195 10.7355 10.7126 10.7562 10.7438 10.7479 10.8255 10.75 10.3144 10.1794 10.5602 10.9259 11.1357 11.0734 11.0422 11.2161 11.4688 11.6267 11.4688 11.7064 
10.741 10.7008 10.7479 10.75 10.7452 10.7168 10.858 10.7943 10.0976 10.7175 11.0886 11.3172 11.2126 11.2881 11.3961 11.4661 11.3352 11.4543 11.4543 11.3158 
10.7458 10.7341 10.8089 10.7486 10.75 10.7985 10.7528 10.6177 10.6711 10.7701 10.8927 11.4848 11.635 11.5616 11.5222 11.5471 11.5409 11.6427 11.4924 11.678 
10.7438 10.7486 10.4564 10.6177 10.7507 10.714 10.7126 10.2188 10.7465 10.8158 11.2694 11.3733 11.3573 11.4024 11.34 11.3677 11.3753 11.4958 11.3927 11.2846 
10.7812 10.7632 10.75 10.894 10.75 10.8476 10.7632 10.75 10.7625 10.7666 10.8186 11.0132 11.4557 11.4813 11.5374 11.3594 11.4044 11.5886 11.5139 11.5824 
10.7271 10.6911 10.6759 10.8843 10.7493 10.7625 10.687 10.3276 10.7064 10.1828 10.4536 11.1337 11.0949 11.0845 11.0665 11.0021 11.072 11.1662 10.9979 11.1101 
10.8116 10.732 10.7327 10.7562 10.75 10.75 10.7839 10.6835 10.6807 10.1821 10.4155 11.0589 11.151 11.0492 11.0672 11.0879 11.2043 11.2355 11.178 11.2715 
10.75 10.804 10.8137 10.7722 10.7846 10.7445 10.7265 10.4882 10.7992 10.7798 11.0367 11.0949 11.2285 11.2195 11.2341 11.2694 11.0769 11.178 11.0713 11.0436 
10.8179 10.9238 10.849 10.9647 10.9342 10.804 10.7735 10.7555 10.9037 10.8227 10.9072 10.9425 11.3428 11.5388 11.4841 11.4259 11.1697 11.1337 11.1337 11.3421 
10.732 10.7701 10.7666 10.7161 10.6898 10.696 10.8186 10.9051 10.7895 9.41205 10.1925 10.9765 11.1004 9.98823 9.91274 10.7244 10.9681 10.8823 10.9169 11.4335 
10.6787 10.7445 10.7431 10.7438 10.6828 10.7396 10.7458 10.7445 10.7735 10.9224 10.2514 10.6849 10.3546 9.03393 8.38643 8.98199 10.106 10.7964 10.9224 11.3109 
10.7057 10.759 10.7881 10.7382 10.7119 10.759 10.7888 10.7874 10.8629 10.9058 10.7071 10.7805 10.7334 8.82756 8.77008 9.5831 10.4273 10.7071 10.8504 11.5381 
