50 24
36 35 36.1 78.3 36.2 121.6 36.3 164.9 36.4 208.2 36.5 251.5 36.6 294.8 36.7 338.1 36.8 381.4 36.9 424.7 37 468 37.1 511.3 37.2 554.6 37.3 597.9 37.4 641.2 37.5 684.5 37.6 727.8 37.7 771.1 37.8 814.4 37.9 857.7 38 901 38.1 944.3 38.2 987.6 38.3 1030.9 
72 55 72.1 98.3 72.2 141.6 72.3 184.9 72.4 228.2 72.5 271.5 72.6 314.8 72.7 358.1 72.8 401.4 72.9 444.7 73 488 73.1 531.3 73.2 574.6 73.3 617.9 73.4 661.2 73.5 704.5 73.6 747.8 73.7 791.1 73.8 834.4 73.9 877.7 74 921 74.1 964.3 74.2 1007.6 74.3 1050.9 
110 35 110.1 78.3 110.2 121.6 110.3 164.9 110.4 208.2 110.5 251.5 110.6 294.8 110.7 338.1 110.8 381.4 110.9 424.7 111 468 111.1 511.3 111.2 554.6 111.3 597.9 111.4 641.2 111.5 684.5 111.6 727.8 111.7 771.1 111.8 814.4 111.9 857.7 112 901 112.1 944.3 112.2 987.6 112.3 1030.9 
147 55 147.1 98.3 147.2 141.6 147.3 184.9 147.4 228.2 147.5 271.5 147.6 314.8 147.7 358.1 147.8 401.4 147.9 444.7 148 488 148.1 531.3 148.2 574.6 148.3 617.9 148.4 661.2 148.5 704.5 148.6 747.8 148.7 791.1 148.8 834.4 148.9 877.7 149 921 149.1 964.3 149.2 1007.6 149.3 1050.9 
184 33 184.1 76.3 184.2 119.6 184.3 162.9 184.4 206.2 184.5 249.5 184.6 292.8 184.7 336.1 184.8 379.4 184.9 422.7 185 466 185.1 509.3 185.2 552.6 185.3 595.9 185.4 639.2 185.5 682.5 185.6 725.8 185.7 769.1 185.8 812.4 185.9 855.7 186 899 186.1 942.3 186.2 985.6 186.3 1028.9 
222 55 222.1 98.3 222.2 141.6 222.3 184.9 222.4 228.2 222.5 271.5 222.6 314.8 222.7 358.1 222.8 401.4 222.9 444.7 223 488 223.1 531.3 223.2 574.6 223.3 617.9 223.4 661.2 223.5 704.5 223.6 747.8 223.7 791.1 223.8 834.4 223.9 877.7 224 921 224.1 964.3 224.2 1007.6 224.3 1050.9 
259 34 259.1 77.3 259.2 120.6 259.3 163.9 259.4 207.2 259.5 250.5 259.6 293.8 259.7 337.1 259.8 380.4 259.9 423.7 260 467 260.1 510.3 260.2 553.6 260.3 596.9 260.4 640.2 260.5 683.5 260.6 726.8 260.7 770.1 260.8 813.4 260.9 856.7 261 900 261.1 943.3 261.2 986.6 261.3 1029.9 
298 55 298.1 98.3 298.2 141.6 298.3 184.9 298.4 228.2 298.5 271.5 298.6 314.8 298.7 358.1 298.8 401.4 298.9 444.7 299 488 299.1 531.3 299.2 574.6 299.3 617.9 299.4 661.2 299.5 704.5 299.6 747.8 299.7 791.1 299.8 834.4 299.9 877.7 300 921 300.1 964.3 300.2 1007.6 300.3 1050.9 
334 33 334.1 76.3 334.2 119.6 334.3 162.9 334.4 206.2 334.5 249.5 334.6 292.8 334.7 336.1 334.8 379.4 334.9 422.7 335 466 335.1 509.3 335.2 552.6 335.3 595.9 335.4 639.2 335.5 682.5 335.6 725.8 335.7 769.1 335.8 812.4 335.9 855.7 336 899 336.1 942.3 336.2 985.6 336.3 1028.9 
372 55 372.1 98.3 372.2 141.6 372.3 184.9 372.4 228.2 372.5 271.5 372.6 314.8 372.7 358.1 372.8 401.4 372.9 444.7 373 488 373.1 531.3 373.2 574.6 373.3 617.9 373.4 661.2 373.5 704.5 373.6 747.8 373.7 791.1 373.8 834.4 373.9 877.7 374 921 374.1 964.3 374.2 1007.6 374.3 1050.9 
409 33 409.1 76.3 409.2 119.6 409.3 162.9 409.4 206.2 409.5 249.5 409.6 292.8 409.7 336.1 409.8 379.4 409.9 422.7 410 466 410.1 509.3 410.2 552.6 410.3 595.9 410.4 639.2 410.5 682.5 410.6 725.8 410.7 769.1 410.8 812.4 410.9 855.7 411 899 411.1 942.3 411.2 985.6 411.3 1028.9 
447 55 447.1 98.3 447.2 141.6 447.3 184.9 447.4 228.2 447.5 271.5 447.6 314.8 447.7 358.1 447.8 401.4 447.9 444.7 448 488 448.1 531.3 448.2 574.6 448.3 617.9 448.4 661.2 448.5 704.5 448.6 747.8 448.7 791.1 448.8 834.4 448.9 877.7 449 921 449.1 964.3 449.2 1007.6 449.3 1050.9 
485 33 485.1 76.3 485.2 119.6 485.3 162.9 485.4 206.2 485.5 249.5 485.6 292.8 485.7 336.1 485.8 379.4 485.9 422.7 486 466 486.1 509.3 486.2 552.6 486.3 595.9 486.4 639.2 486.5 682.5 486.6 725.8 486.7 769.1 486.8 812.4 486.9 855.7 487 899 487.1 942.3 487.2 985.6 487.3 1028.9 
522 54 522.1 97.3 522.2 140.6 522.3 183.9 522.4 227.2 522.5 270.5 522.6 313.8 522.7 357.1 522.8 400.4 522.9 443.7 523 487 523.1 530.3 523.2 573.6 523.3 616.9 523.4 660.2 523.5 703.5 523.6 746.8 523.7 790.1 523.8 833.4 523.9 876.7 524 920 524.1 963.3 524.2 1006.6 524.3 1049.9 
561 33 561.1 76.3 561.2 119.6 561.3 162.9 561.4 206.2 561.5 249.5 561.6 292.8 561.7 336.1 561.8 379.4 561.9 422.7 562 466 562.1 509.3 562.2 552.6 562.3 595.9 562.4 639.2 562.5 682.5 562.6 725.8 562.7 769.1 562.8 812.4 562.9 855.7 563 899 563.1 942.3 563.2 985.6 563.3 1028.9 
597 54 597.1 97.3 597.2 140.6 597.3 183.9 597.4 227.2 597.5 270.5 597.6 313.8 597.7 357.1 597.8 400.4 597.9 443.7 598 487 598.1 530.3 598.2 573.6 598.3 616.9 598.4 660.2 598.5 703.5 598.6 746.8 598.7 790.1 598.8 833.4 598.9 876.7 599 920 599.1 963.3 599.2 1006.6 599.3 1049.9 
633 33 633.1 76.3 633.2 119.6 633.3 162.9 633.4 206.2 633.5 249.5 633.6 292.8 633.7 336.1 633.8 379.4 633.9 422.7 634 466 634.1 509.3 634.2 552.6 634.3 595.9 634.4 639.2 634.5 682.5 634.6 725.8 634.7 769.1 634.8 812.4 634.9 855.7 635 899 635.1 942.3 635.2 985.6 635.3 1028.9 
672 54 672.1 97.3 672.2 140.6 672.3 183.9 672.4 227.2 672.5 270.5 672.6 313.8 672.7 357.1 672.8 400.4 672.9 443.7 673 487 673.1 530.3 673.2 573.6 673.3 616.9 673.4 660.2 673.5 703.5 673.6 746.8 673.7 790.1 673.8 833.4 673.9 876.7 674 920 674.1 963.3 674.2 1006.6 674.3 1049.9 
711 32 711.1 75.3 711.2 118.6 711.3 161.9 711.4 205.2 711.5 248.5 711.6 291.8 711.7 335.1 711.8 378.4 711.9 421.7 712 465 712.1 508.3 712.2 551.6 712.3 594.9 712.4 638.2 712.5 681.5 712.6 724.8 712.7 768.1 712.8 811.4 712.9 854.7 713 898 713.1 941.3 713.2 984.6 713.3 1027.9 
748 55 748.1 98.3 748.2 141.6 748.3 184.9 748.4 228.2 748.5 271.5 748.6 314.8 748.7 358.1 748.8 401.4 748.9 444.7 749 488 749.1 531.3 749.2 574.6 749.3 617.9 749.4 661.2 749.5 704.5 749.6 747.8 749.7 791.1 749.8 834.4 749.9 877.7 750 921 750.1 964.3 750.2 1007.6 750.3 1050.9 
785 33 785.1 76.3 785.2 119.6 785.3 162.9 785.4 206.2 785.5 249.5 785.6 292.8 785.7 336.1 785.8 379.4 785.9 422.7 786 466 786.1 509.3 786.2 552.6 786.3 595.9 786.4 639.2 786.5 682.5 786.6 725.8 786.7 769.1 786.8 812.4 786.9 855.7 787 899 787.1 942.3 787.2 985.6 787.3 1028.9 
823 54 823.1 97.3 823.2 140.6 823.3 183.9 823.4 227.2 823.5 270.5 823.6 313.8 823.7 357.1 823.8 400.4 823.9 443.7 824 487 824.1 530.3 824.2 573.6 824.3 616.9 824.4 660.2 824.5 703.5 824.6 746.8 824.7 790.1 824.8 833.4 824.9 876.7 825 920 825.1 963.3 825.2 1006.6 825.3 1049.9 
860 32 860.1 75.3 860.2 118.6 860.3 161.9 860.4 205.2 860.5 248.5 860.6 291.8 860.7 335.1 860.8 378.4 860.9 421.7 861 465 861.1 508.3 861.2 551.6 861.3 594.9 861.4 638.2 861.5 681.5 861.6 724.8 861.7 768.1 861.8 811.4 861.9 854.7 862 898 862.1 941.3 862.2 984.6 862.3 1027.9 
900 52 900.1 95.3 900.2 138.6 900.3 181.9 900.4 225.2 900.5 268.5 900.6 311.8 900.7 355.1 900.8 398.4 900.9 441.7 901 485 901.1 528.3 901.2 571.6 901.3 614.9 901.4 658.2 901.5 701.5 901.6 744.8 901.7 788.1 901.8 831.4 901.9 874.7 902 918 902.1 961.3 902.2 1004.6 902.3 1047.9 
937 32 937.1 75.3 937.2 118.6 937.3 161.9 937.4 205.2 937.5 248.5 937.6 291.8 937.7 335.1 937.8 378.4 937.9 421.7 938 465 938.1 508.3 938.2 551.6 938.3 594.9 938.4 638.2 938.5 681.5 938.6 724.8 938.7 768.1 938.8 811.4 938.9 854.7 939 898 939.1 941.3 939.2 984.6 939.3 1027.9 
974 52 974.1 95.3 974.2 138.6 974.3 181.9 974.4 225.2 974.5 268.5 974.6 311.8 974.7 355.1 974.8 398.4 974.9 441.7 975 485 975.1 528.3 975.2 571.6 975.3 614.9 975.4 658.2 975.5 701.5 975.6 744.8 975.7 788.1 975.8 831.4 975.9 874.7 976 918 976.1 961.3 976.2 1004.6 976.3 1047.9 
1010 32 1010.1 75.3 1010.2 118.6 1010.3 161.9 1010.4 205.2 1010.5 248.5 1010.6 291.8 1010.7 335.1 1010.8 378.4 1010.9 421.7 1011 465 1011.1 508.3 1011.2 551.6 1011.3 594.9 1011.4 638.2 1011.5 681.5 1011.6 724.8 1011.7 768.1 1011.8 811.4 1011.9 854.7 1012 898 1012.1 941.3 1012.2 984.6 1012.3 1027.9 
1048 52 1048.1 95.3 1048.2 138.6 1048.3 181.9 1048.4 225.2 1048.5 268.5 1048.6 311.8 1048.7 355.1 1048.8 398.4 1048.9 441.7 1049 485 1049.1 528.3 1049.2 571.6 1049.3 614.9 1049.4 658.2 1049.5 701.5 1049.6 744.8 1049.7 788.1 1049.8 831.4 1049.9 874.7 1050 918 1050.1 961.3 1050.2 1004.6 1050.3 1047.9 
1086 32 1086.1 75.3 1086.2 118.6 1086.3 161.9 1086.4 205.2 1086.5 248.5 1086.6 291.8 1086.7 335.1 1086.8 378.4 1086.9 421.7 1087 465 1087.1 508.3 1087.2 551.6 1087.3 594.9 1087.4 638.2 1087.5 681.5 1087.6 724.8 1087.7 768.1 1087.8 811.4 1087.9 854.7 1088 898 1088.1 941.3 1088.2 984.6 1088.3 1027.9 
1123 52 1123.1 95.3 1123.2 138.6 1123.3 181.9 1123.4 225.2 1123.5 268.5 1123.6 311.8 1123.7 355.1 1123.8 398.4 1123.9 441.7 1124 485 1124.1 528.3 1124.2 571.6 1124.3 614.9 1124.4 658.2 1124.5 701.5 1124.6 744.8 1124.7 788.1 1124.8 831.4 1124.9 874.7 1125 918 1125.1 961.3 1125.2 1004.6 1125.3 1047.9 
1161 32 1161.1 75.3 1161.2 118.6 1161.3 161.9 1161.4 205.2 1161.5 248.5 1161.6 291.8 1161.7 335.1 1161.8 378.4 1161.9 421.7 1162 465 1162.1 508.3 1162.2 551.6 1162.3 594.9 1162.4 638.2 1162.5 681.5 1162.6 724.8 1162.7 768.1 1162.8 811.4 1162.9 854.7 1163 898 1163.1 941.3 1163.2 984.6 1163.3 1027.9 
1199 53 1199.1 96.3 1199.2 139.6 1199.3 182.9 1199.4 226.2 1199.5 269.5 1199.6 312.8 1199.7 356.1 1199.8 399.4 1199.9 442.7 1200 486 1200.1 529.3 1200.2 572.6 1200.3 615.9 1200.4 659.2 1200.5 702.5 1200.6 745.8 1200.7 789.1 1200.8 832.4 1200.9 875.7 1201 919 1201.1 962.3 1201.2 1005.6 1201.3 1048.9 
1235 32 1235.1 75.3 1235.2 118.6 1235.3 161.9 1235.4 205.2 1235.5 248.5 1235.6 291.8 1235.7 335.1 1235.8 378.4 1235.9 421.7 1236 465 1236.1 508.3 1236.2 551.6 1236.3 594.9 1236.4 638.2 1236.5 681.5 1236.6 724.8 1236.7 768.1 1236.8 811.4 1236.9 854.7 1237 898 1237.1 941.3 1237.2 984.6 1237.3 1027.9 
1273 52 1273.1 95.3 1273.2 138.6 1273.3 181.9 1273.4 225.2 1273.5 268.5 1273.6 311.8 1273.7 355.1 1273.8 398.4 1273.9 441.7 1274 485 1274.1 528.3 1274.2 571.6 1274.3 614.9 1274.4 658.2 1274.5 701.5 1274.6 744.8 1274.7 788.1 1274.8 831.4 1274.9 874.7 1275 918 1275.1 961.3 1275.2 1004.6 1275.3 1047.9 
1311 32 1311.1 75.3 1311.2 118.6 1311.3 161.9 1311.4 205.2 1311.5 248.5 1311.6 291.8 1311.7 335.1 1311.8 378.4 1311.9 421.7 1312 465 1312.1 508.3 1312.2 551.6 1312.3 594.9 1312.4 638.2 1312.5 681.5 1312.6 724.8 1312.7 768.1 1312.8 811.4 1312.9 854.7 1313 898 1313.1 941.3 1313.2 984.6 1313.3 1027.9 
1350 52 1350.1 95.3 1350.2 138.6 1350.3 181.9 1350.4 225.2 1350.5 268.5 1350.6 311.8 1350.7 355.1 1350.8 398.4 1350.9 441.7 1351 485 1351.1 528.3 1351.2 571.6 1351.3 614.9 1351.4 658.2 1351.5 701.5 1351.6 744.8 1351.7 788.1 1351.8 831.4 1351.9 874.7 1352 918 1352.1 961.3 1352.2 1004.6 1352.3 1047.9 
1388 30 1388.1 73.3 1388.2 116.6 1388.3 159.9 1388.4 203.2 1388.5 246.5 1388.6 289.8 1388.7 333.1 1388.8 376.4 1388.9 419.7 1389 463 1389.1 506.3 1389.2 549.6 1389.3 592.9 1389.4 636.2 1389.5 679.5 1389.6 722.8 1389.7 766.1 1389.8 809.4 1389.9 852.7 1390 896 1390.1 939.3 1390.2 982.6 1390.3 1025.9 
1425 51 1425.1 94.3 1425.2 137.6 1425.3 180.9 1425.4 224.2 1425.5 267.5 1425.6 310.8 1425.7 354.1 1425.8 397.4 1425.9 440.7 1426 484 1426.1 527.3 1426.2 570.6 1426.3 613.9 1426.4 657.2 1426.5 700.5 1426.6 743.8 1426.7 787.1 1426.8 830.4 1426.9 873.7 1427 917 1427.1 960.3 1427.2 1003.6 1427.3 1046.9 
1462 30 1462.1 73.3 1462.2 116.6 1462.3 159.9 1462.4 203.2 1462.5 246.5 1462.6 289.8 1462.7 333.1 1462.8 376.4 1462.9 419.7 1463 463 1463.1 506.3 1463.2 549.6 1463.3 592.9 1463.4 636.2 1463.5 679.5 1463.6 722.8 1463.7 766.1 1463.8 809.4 1463.9 852.7 1464 896 1464.1 939.3 1464.2 982.6 1464.3 1025.9 
1500 51 1500.1 94.3 1500.2 137.6 1500.3 180.9 1500.4 224.2 1500.5 267.5 1500.6 310.8 1500.7 354.1 1500.8 397.4 1500.9 440.7 1501 484 1501.1 527.3 1501.2 570.6 1501.3 613.9 1501.4 657.2 1501.5 700.5 1501.6 743.8 1501.7 787.1 1501.8 830.4 1501.9 873.7 1502 917 1502.1 960.3 1502.2 1003.6 1502.3 1046.9 
1537 30 1537.1 73.3 1537.2 116.6 1537.3 159.9 1537.4 203.2 1537.5 246.5 1537.6 289.8 1537.7 333.1 1537.8 376.4 1537.9 419.7 1538 463 1538.1 506.3 1538.2 549.6 1538.3 592.9 1538.4 636.2 1538.5 679.5 1538.6 722.8 1538.7 766.1 1538.8 809.4 1538.9 852.7 1539 896 1539.1 939.3 1539.2 982.6 1539.3 1025.9 
1575 32 1575.1 75.3 1575.2 118.6 1575.3 161.9 1575.4 205.2 1575.5 248.5 1575.6 291.8 1575.7 335.1 1575.8 378.4 1575.9 421.7 1576 465 1576.1 508.3 1576.2 551.6 1576.3 594.9 1576.4 638.2 1576.5 681.5 1576.6 724.8 1576.7 768.1 1576.8 811.4 1576.9 854.7 1577 898 1577.1 941.3 1577.2 984.6 1577.3 1027.9 
1613 30 1613.1 73.3 1613.2 116.6 1613.3 159.9 1613.4 203.2 1613.5 246.5 1613.6 289.8 1613.7 333.1 1613.8 376.4 1613.9 419.7 1614 463 1614.1 506.3 1614.2 549.6 1614.3 592.9 1614.4 636.2 1614.5 679.5 1614.6 722.8 1614.7 766.1 1614.8 809.4 1614.9 852.7 1615 896 1615.1 939.3 1615.2 982.6 1615.3 1025.9 
1651 52 1651.1 95.3 1651.2 138.6 1651.3 181.9 1651.4 225.2 1651.5 268.5 1651.6 311.8 1651.7 355.1 1651.8 398.4 1651.9 441.7 1652 485 1652.1 528.3 1652.2 571.6 1652.3 614.9 1652.4 658.2 1652.5 701.5 1652.6 744.8 1652.7 788.1 1652.8 831.4 1652.9 874.7 1653 918 1653.1 961.3 1653.2 1004.6 1653.3 1047.9 
1687 29 1687.1 72.3 1687.2 115.6 1687.3 158.9 1687.4 202.2 1687.5 245.5 1687.6 288.8 1687.7 332.1 1687.8 375.4 1687.9 418.7 1688 462 1688.1 505.3 1688.2 548.6 1688.3 591.9 1688.4 635.2 1688.5 678.5 1688.6 721.8 1688.7 765.1 1688.8 808.4 1688.9 851.7 1689 895 1689.1 938.3 1689.2 981.6 1689.3 1024.9 
1725 52 1725.1 95.3 1725.2 138.6 1725.3 181.9 1725.4 225.2 1725.5 268.5 1725.6 311.8 1725.7 355.1 1725.8 398.4 1725.9 441.7 1726 485 1726.1 528.3 1726.2 571.6 1726.3 614.9 1726.4 658.2 1726.5 701.5 1726.6 744.8 1726.7 788.1 1726.8 831.4 1726.9 874.7 1727 918 1727.1 961.3 1727.2 1004.6 1727.3 1047.9 
1762 31 1762.1 74.3 1762.2 117.6 1762.3 160.9 1762.4 204.2 1762.5 247.5 1762.6 290.8 1762.7 334.1 1762.8 377.4 1762.9 420.7 1763 464 1763.1 507.3 1763.2 550.6 1763.3 593.9 1763.4 637.2 1763.5 680.5 1763.6 723.8 1763.7 767.1 1763.8 810.4 1763.9 853.7 1764 897 1764.1 940.3 1764.2 983.6 1764.3 1026.9 
1799 53 1799.1 96.3 1799.2 139.6 1799.3 182.9 1799.4 226.2 1799.5 269.5 1799.6 312.8 1799.7 356.1 1799.8 399.4 1799.9 442.7 1800 486 1800.1 529.3 1800.2 572.6 1800.3 615.9 1800.4 659.2 1800.5 702.5 1800.6 745.8 1800.7 789.1 1800.8 832.4 1800.9 875.7 1801 919 1801.1 962.3 1801.2 1005.6 1801.3 1048.9 
1838 32 1838.1 75.3 1838.2 118.6 1838.3 161.9 1838.4 205.2 1838.5 248.5 1838.6 291.8 1838.7 335.1 1838.8 378.4 1838.9 421.7 1839 465 1839.1 508.3 1839.2 551.6 1839.3 594.9 1839.4 638.2 1839.5 681.5 1839.6 724.8 1839.7 768.1 1839.8 811.4 1839.9 854.7 1840 898 1840.1 941.3 1840.2 984.6 1840.3 1027.9 
1874 53 1874.1 96.3 1874.2 139.6 1874.3 182.9 1874.4 226.2 1874.5 269.5 1874.6 312.8 1874.7 356.1 1874.8 399.4 1874.9 442.7 1875 486 1875.1 529.3 1875.2 572.6 1875.3 615.9 1875.4 659.2 1875.5 702.5 1875.6 745.8 1875.7 789.1 1875.8 832.4 1875.9 875.7 1876 919 1876.1 962.3 1876.2 1005.6 1876.3 1048.9 
