51 24
20 55 20 98.4 20 141.8 20 185.2 20 228.6 20 272 20 315.4 20 358.8 20 402.2 20 445.6 20 489 20 532.4 20 575.8 20 619.2 20 662.6 20 706 20 749.4 20 792.8 20 836.2 20 879.6 20 923 20 966.4 20 1009.8 20 1053.2 
56 33 56 76.4 56 119.8 56 163.2 56 206.6 56 250 56 293.4 56 336.8 56 380.2 56 423.6 56 467 56 510.4 56 553.8 56 597.2 56 640.6 56 684 56 727.4 56 770.8 56 814.2 56 857.6 56 901 56 944.4 56 987.8 56 1031.2 
94 55 94 98.4 94 141.8 94 185.2 94 228.6 94 272 94 315.4 94 358.8 94 402.2 94 445.6 94 489 94 532.4 94 575.8 94 619.2 94 662.6 94 706 94 749.4 94 792.8 94 836.2 94 879.6 94 923 94 966.4 94 1009.8 94 1053.2 
131 33 131 76.4 131 119.8 131 163.2 131 206.6 131 250 131 293.4 131 336.8 131 380.2 131 423.6 131 467 131 510.4 131 553.8 131 597.2 131 640.6 131 684 131 727.4 131 770.8 131 814.2 131 857.6 131 901 131 944.4 131 987.8 131 1031.2 
168 55 168 98.4 168 141.8 168 185.2 168 228.6 168 272 168 315.4 168 358.8 168 402.2 168 445.6 168 489 168 532.4 168 575.8 168 619.2 168 662.6 168 706 168 749.4 168 792.8 168 836.2 168 879.6 168 923 168 966.4 168 1009.8 168 1053.2 
206 33 206 76.4 206 119.8 206 163.2 206 206.6 206 250 206 293.4 206 336.8 206 380.2 206 423.6 206 467 206 510.4 206 553.8 206 597.2 206 640.6 206 684 206 727.4 206 770.8 206 814.2 206 857.6 206 901 206 944.4 206 987.8 206 1031.2 
243 55 243 98.4 243 141.8 243 185.2 243 228.6 243 272 243 315.4 243 358.8 243 402.2 243 445.6 243 489 243 532.4 243 575.8 243 619.2 243 662.6 243 706 243 749.4 243 792.8 243 836.2 243 879.6 243 923 243 966.4 243 1009.8 243 1053.2 
280 33 280 76.4 280 119.8 280 163.2 280 206.6 280 250 280 293.4 280 336.8 280 380.2 280 423.6 280 467 280 510.4 280 553.8 280 597.2 280 640.6 280 684 280 727.4 280 770.8 280 814.2 280 857.6 280 901 280 944.4 280 987.8 280 1031.2 
318 55 318 98.4 318 141.8 318 185.2 318 228.6 318 272 318 315.4 318 358.8 318 402.2 318 445.6 318 489 318 532.4 318 575.8 318 619.2 318 662.6 318 706 318 749.4 318 792.8 318 836.2 318 879.6 318 923 318 966.4 318 1009.8 318 1053.2 
356 33 356 76.4 356 119.8 356 163.2 356 206.6 356 250 356 293.4 356 336.8 356 380.2 356 423.6 356 467 356 510.4 356 553.8 356 597.2 356 640.6 356 684 356 727.4 356 770.8 356 814.2 356 857.6 356 901 356 944.4 356 987.8 356 1031.2 
394 55 394 98.4 394 141.8 394 185.2 394 228.6 394 272 394 315.4 394 358.8 394 402.2 394 445.6 394 489 394 532.4 394 575.8 394 619.2 394 662.6 394 706 394 749.4 394 792.8 394 836.2 394 879.6 394 923 394 966.4 394 1009.8 394 1053.2 
430 33 430 76.4 430 119.8 430 163.2 430 206.6 430 250 430 293.4 430 336.8 430 380.2 430 423.6 430 467 430 510.4 430 553.8 430 597.2 430 640.6 430 684 430 727.4 430 770.8 430 814.2 430 857.6 430 901 430 944.4 430 987.8 430 1031.2 
468 55 468 98.4 468 141.8 468 185.2 468 228.6 468 272 468 315.4 468 358.8 468 402.2 468 445.6 468 489 468 532.4 468 575.8 468 619.2 468 662.6 468 706 468 749.4 468 792.8 468 836.2 468 879.6 468 923 468 966.4 468 1009.8 468 1053.2 
505 33 505 76.4 505 119.8 505 163.2 505 206.6 505 250 505 293.4 505 336.8 505 380.2 505 423.6 505 467 505 510.4 505 553.8 505 597.2 505 640.6 505 684 505 727.4 505 770.8 505 814.2 505 857.6 505 901 505 944.4 505 987.8 505 1031.2 
543 55 543 98.4 543 141.8 543 185.2 543 228.6 543 272 543 315.4 543 358.8 543 402.2 543 445.6 543 489 543 532.4 543 575.8 543 619.2 543 662.6 543 706 543 749.4 543 792.8 543 836.2 543 879.6 543 923 543 966.4 543 1009.8 543 1053.2 
581 33 581 76.4 581 119.8 581 163.2 581 206.6 581 250 581 293.4 581 336.8 581 380.2 581 423.6 581 467 581 510.4 581 553.8 581 597.2 581 640.6 581 684 581 727.4 581 770.8 581 814.2 581 857.6 581 901 581 944.4 581 987.8 581 1031.2 
618 55 618 98.4 618 141.8 618 185.2 618 228.6 618 272 618 315.4 618 358.8 618 402.2 618 445.6 618 489 618 532.4 618 575.8 618 619.2 618 662.6 618 706 618 749.4 618 792.8 618 836.2 618 879.6 618 923 618 966.4 618 1009.8 618 1053.2 
656 33 656 76.4 656 119.8 656 163.2 656 206.6 656 250 656 293.4 656 336.8 656 380.2 656 423.6 656 467 656 510.4 656 553.8 656 597.2 656 640.6 656 684 656 727.4 656 770.8 656 814.2 656 857.6 656 901 656 944.4 656 987.8 656 1031.2 
693 55 693 98.4 693 141.8 693 185.2 693 228.6 693 272 693 315.4 693 358.8 693 402.2 693 445.6 693 489 693 532.4 693 575.8 693 619.2 693 662.6 693 706 693 749.4 693 792.8 693 836.2 693 879.6 693 923 693 966.4 693 1009.8 693 1053.2 
731 33 731 76.4 731 119.8 731 163.2 731 206.6 731 250 731 293.4 731 336.8 731 380.2 731 423.6 731 467 731 510.4 731 553.8 731 597.2 731 640.6 731 684 731 727.4 731 770.8 731 814.2 731 857.6 731 901 731 944.4 731 987.8 731 1031.2 
768 55 768 98.4 768 141.8 768 185.2 768 228.6 768 272 768 315.4 768 358.8 768 402.2 768 445.6 768 489 768 532.4 768 575.8 768 619.2 768 662.6 768 706 768 749.4 768 792.8 768 836.2 768 879.6 768 923 768 966.4 768 1009.8 768 1053.2 
807 33 807 76.4 807 119.8 807 163.2 807 206.6 807 250 807 293.4 807 336.8 807 380.2 807 423.6 807 467 807 510.4 807 553.8 807 597.2 807 640.6 807 684 807 727.4 807 770.8 807 814.2 807 857.6 807 901 807 944.4 807 987.8 807 1031.2 
844 55 844 98.4 844 141.8 844 185.2 844 228.6 844 272 844 315.4 844 358.8 844 402.2 844 445.6 844 489 844 532.4 844 575.8 844 619.2 844 662.6 844 706 844 749.4 844 792.8 844 836.2 844 879.6 844 923 844 966.4 844 1009.8 844 1053.2 
881 33 881 76.4 881 119.8 881 163.2 881 206.6 881 250 881 293.4 881 336.8 881 380.2 881 423.6 881 467 881 510.4 881 553.8 881 597.2 881 640.6 881 684 881 727.4 881 770.8 881 814.2 881 857.6 881 901 881 944.4 881 987.8 881 1031.2 
920 55 920 98.4 920 141.8 920 185.2 920 228.6 920 272 920 315.4 920 358.8 920 402.2 920 445.6 920 489 920 532.4 920 575.8 920 619.2 920 662.6 920 706 920 749.4 920 792.8 920 836.2 920 879.6 920 923 920 966.4 920 1009.8 920 1053.2 
957 33 957 76.4 957 119.8 957 163.2 957 206.6 957 250 957 293.4 957 336.8 957 380.2 957 423.6 957 467 957 510.4 957 553.8 957 597.2 957 640.6 957 684 957 727.4 957 770.8 957 814.2 957 857.6 957 901 957 944.4 957 987.8 957 1031.2 
995 55 995 98.4 995 141.8 995 185.2 995 228.6 995 272 995 315.4 995 358.8 995 402.2 995 445.6 995 489 995 532.4 995 575.8 995 619.2 995 662.6 995 706 995 749.4 995 792.8 995 836.2 995 879.6 995 923 995 966.4 995 1009.8 995 1053.2 
1032 33 1032 76.4 1032 119.8 1032 163.2 1032 206.6 1032 250 1032 293.4 1032 336.8 1032 380.2 1032 423.6 1032 467 1032 510.4 1032 553.8 1032 597.2 1032 640.6 1032 684 1032 727.4 1032 770.8 1032 814.2 1032 857.6 1032 901 1032 944.4 1032 987.8 1032 1031.2 
1069 55 1069 98.4 1069 141.8 1069 185.2 1069 228.6 1069 272 1069 315.4 1069 358.8 1069 402.2 1069 445.6 1069 489 1069 532.4 1069 575.8 1069 619.2 1069 662.6 1069 706 1069 749.4 1069 792.8 1069 836.2 1069 879.6 1069 923 1069 966.4 1069 1009.8 1069 1053.2 
1108 33 1108 76.4 1108 119.8 1108 163.2 1108 206.6 1108 250 1108 293.4 1108 336.8 1108 380.2 1108 423.6 1108 467 1108 510.4 1108 553.8 1108 597.2 1108 640.6 1108 684 1108 727.4 1108 770.8 1108 814.2 1108 857.6 1108 901 1108 944.4 1108 987.8 1108 1031.2 
1145 55 1145 98.4 1145 141.8 1145 185.2 1145 228.6 1145 272 1145 315.4 1145 358.8 1145 402.2 1145 445.6 1145 489 1145 532.4 1145 575.8 1145 619.2 1145 662.6 1145 706 1145 749.4 1145 792.8 1145 836.2 1145 879.6 1145 923 1145 966.4 1145 1009.8 1145 1053.2 
1182 33 1182 76.4 1182 119.8 1182 163.2 1182 206.6 1182 250 1182 293.4 1182 336.8 1182 380.2 1182 423.6 1182 467 1182 510.4 1182 553.8 1182 597.2 1182 640.6 1182 684 1182 727.4 1182 770.8 1182 814.2 1182 857.6 1182 901 1182 944.4 1182 987.8 1182 1031.2 
1220 55 1220 98.4 1220 141.8 1220 185.2 1220 228.6 1220 272 1220 315.4 1220 358.8 1220 402.2 1220 445.6 1220 489 1220 532.4 1220 575.8 1220 619.2 1220 662.6 1220 706 1220 749.4 1220 792.8 1220 836.2 1220 879.6 1220 923 1220 966.4 1220 1009.8 1220 1053.2 
1257 33 1257 76.4 1257 119.8 1257 163.2 1257 206.6 1257 250 1257 293.4 1257 336.8 1257 380.2 1257 423.6 1257 467 1257 510.4 1257 553.8 1257 597.2 1257 640.6 1257 684 1257 727.4 1257 770.8 1257 814.2 1257 857.6 1257 901 1257 944.4 1257 987.8 1257 1031.2 
1296 55 1296 98.4 1296 141.8 1296 185.2 1296 228.6 1296 272 1296 315.4 1296 358.8 1296 402.2 1296 445.6 1296 489 1296 532.4 1296 575.8 1296 619.2 1296 662.6 1296 706 1296 749.4 1296 792.8 1296 836.2 1296 879.6 1296 923 1296 966.4 1296 1009.8 1296 1053.2 
1333 33 1333 76.4 1333 119.8 1333 163.2 1333 206.6 1333 250 1333 293.4 1333 336.8 1333 380.2 1333 423.6 1333 467 1333 510.4 1333 553.8 1333 597.2 1333 640.6 1333 684 1333 727.4 1333 770.8 1333 814.2 1333 857.6 1333 901 1333 944.4 1333 987.8 1333 1031.2 
1370 55 1370 98.4 1370 141.8 1370 185.2 1370 228.6 1370 272 1370 315.4 1370 358.8 1370 402.2 1370 445.6 1370 489 1370 532.4 1370 575.8 1370 619.2 1370 662.6 1370 706 1370 749.4 1370 792.8 1370 836.2 1370 879.6 1370 923 1370 966.4 1370 1009.8 1370 1053.2 
1408 33 1408 76.4 1408 119.8 1408 163.2 1408 206.6 1408 250 1408 293.4 1408 336.8 1408 380.2 1408 423.6 1408 467 1408 510.4 1408 553.8 1408 597.2 1408 640.6 1408 684 1408 727.4 1408 770.8 1408 814.2 1408 857.6 1408 901 1408 944.4 1408 987.8 1408 1031.2 
1446 55 1446 98.4 1446 141.8 1446 185.2 1446 228.6 1446 272 1446 315.4 1446 358.8 1446 402.2 1446 445.6 1446 489 1446 532.4 1446 575.8 1446 619.2 1446 662.6 1446 706 1446 749.4 1446 792.8 1446 836.2 1446 879.6 1446 923 1446 966.4 1446 1009.8 1446 1053.2 
1483 33 1483 76.4 1483 119.8 1483 163.2 1483 206.6 1483 250 1483 293.4 1483 336.8 1483 380.2 1483 423.6 1483 467 1483 510.4 1483 553.8 1483 597.2 1483 640.6 1483 684 1483 727.4 1483 770.8 1483 814.2 1483 857.6 1483 901 1483 944.4 1483 987.8 1483 1031.2 
1521 55 1521 98.4 1521 141.8 1521 185.2 1521 228.6 1521 272 1521 315.4 1521 358.8 1521 402.2 1521 445.6 1521 489 1521 532.4 1521 575.8 1521 619.2 1521 662.6 1521 706 1521 749.4 1521 792.8 1521 836.2 1521 879.6 1521 923 1521 966.4 1521 1009.8 1521 1053.2 
1558 33 1558 76.4 1558 119.8 1558 163.2 1558 206.6 1558 250 1558 293.4 1558 336.8 1558 380.2 1558 423.6 1558 467 1558 510.4 1558 553.8 1558 597.2 1558 640.6 1558 684 1558 727.4 1558 770.8 1558 814.2 1558 857.6 1558 901 1558 944.4 1558 987.8 1558 1031.2 
1596 55 1596 98.4 1596 141.8 1596 185.2 1596 228.6 1596 272 1596 315.4 1596 358.8 1596 402.2 1596 445.6 1596 489 1596 532.4 1596 575.8 1596 619.2 1596 662.6 1596 706 1596 749.4 1596 792.8 1596 836.2 1596 879.6 1596 923 1596 966.4 1596 1009.8 1596 1053.2 
1634 33 1634 76.4 1634 119.8 1634 163.2 1634 206.6 1634 250 1634 293.4 1634 336.8 1634 380.2 1634 423.6 1634 467 1634 510.4 1634 553.8 1634 597.2 1634 640.6 1634 684 1634 727.4 1634 770.8 1634 814.2 1634 857.6 1634 901 1634 944.4 1634 987.8 1634 1031.2 
1671 55 1671 98.4 1671 141.8 1671 185.2 1671 228.6 1671 272 1671 315.4 1671 358.8 1671 402.2 1671 445.6 1671 489 1671 532.4 1671 575.8 1671 619.2 1671 662.6 1671 706 1671 749.4 1671 792.8 1671 836.2 1671 879.6 1671 923 1671 966.4 1671 1009.8 1671 1053.2 
1708 33 1708 76.4 1708 119.8 1708 163.2 1708 206.6 1708 250 1708 293.4 1708 336.8 1708 380.2 1708 423.6 1708 467 1708 510.4 1708 553.8 1708 597.2 1708 640.6 1708 684 1708 727.4 1708 770.8 1708 814.2 1708 857.6 1708 901 1708 944.4 1708 987.8 1708 1031.2 
1745 55 1745 98.4 1745 141.8 1745 185.2 1745 228.6 1745 272 1745 315.4 1745 358.8 1745 402.2 1745 445.6 1745 489 1745 532.4 1745 575.8 1745 619.2 1745 662.6 1745 706 1745 749.4 1745 792.8 1745 836.2 1745 879.6 1745 923 1745 966.4 1745 1009.8 1745 1053.2 
1783 33 1783 76.4 1783 119.8 1783 163.2 1783 206.6 1783 250 1783 293.4 1783 336.8 1783 380.2 1783 423.6 1783 467 1783 510.4 1783 553.8 1783 597.2 1783 640.6 1783 684 1783 727.4 1783 770.8 1783 814.2 1783 857.6 1783 901 1783 944.4 1783 987.8 1783 1031.2 
1821 55 1821 98.4 1821 141.8 1821 185.2 1821 228.6 1821 272 1821 315.4 1821 358.8 1821 402.2 1821 445.6 1821 489 1821 532.4 1821 575.8 1821 619.2 1821 662.6 1821 706 1821 749.4 1821 792.8 1821 836.2 1821 879.6 1821 923 1821 966.4 1821 1009.8 1821 1053.2 
1857 33 1857 76.4 1857 119.8 1857 163.2 1857 206.6 1857 250 1857 293.4 1857 336.8 1857 380.2 1857 423.6 1857 467 1857 510.4 1857 553.8 1857 597.2 1857 640.6 1857 684 1857 727.4 1857 770.8 1857 814.2 1857 857.6 1857 901 1857 944.4 1857 987.8 1857 1031.2 
1896 55 1896 98.4 1896 141.8 1896 185.2 1896 228.6 1896 272 1896 315.4 1896 358.8 1896 402.2 1896 445.6 1896 489 1896 532.4 1896 575.8 1896 619.2 1896 662.6 1896 706 1896 749.4 1896 792.8 1896 836.2 1896 879.6 1896 923 1896 966.4 1896 1009.8 1896 1053.2 
